1.208920 0.417841 0.166846 0.076190 0.038636 0.020801 0.011072 0.004857 0.417841 0.295597 0.173353 0.099280 0.057553 0.033495 0.018629 0.008357 0.166846 0.173353 0.131688 0.090024 0.058800 0.036996 0.021593 0.009943 0.076190 0.099280 0.090024 0.070326 0.050629 0.034096 0.020803 0.009821 0.038636 0.057553 0.058800 0.050629 0.039293 0.027957 0.017703 0.008538 0.020801 0.033495 0.036996 0.034096 0.027957 0.020735 0.013513 0.006628 0.011072 0.018629 0.021593 0.020803 0.017703 0.013513 0.008988 0.004462 0.004857 0.008357 0.009943 0.009821 0.008538 0.006628 0.004462 0.002231 

0.417841 1.375766 0.494031 0.205482 0.096991 0.049708 0.025658 0.011072 0.295597 0.591193 0.394877 0.230905 0.132774 0.076182 0.041852 0.018629 0.173353 0.298534 0.263376 0.190488 0.127020 0.080393 0.046939 0.021593 0.099280 0.166214 0.169606 0.140653 0.104422 0.071432 0.043917 0.020803 0.057553 0.097436 0.108182 0.098093 0.078586 0.056996 0.036495 0.017703 0.033495 0.057796 0.067591 0.064953 0.054831 0.041470 0.027363 0.013513 0.018629 0.032664 0.039432 0.039296 0.034317 0.026690 0.017975 0.008988 0.008357 0.014800 0.018178 0.018481 0.016449 0.013000 0.008859 0.004462 

0.166846 0.494031 1.414402 0.514832 0.216554 0.101848 0.049708 0.020801 0.173353 0.394877 0.648746 0.428371 0.249534 0.141132 0.076182 0.033495 0.131688 0.263376 0.357334 0.300372 0.212081 0.136962 0.080393 0.036996 0.090024 0.169606 0.216843 0.203702 0.161456 0.114243 0.071432 0.034096 0.058800 0.108182 0.136729 0.136138 0.115796 0.087124 0.056996 0.027957 0.036996 0.067591 0.085753 0.088326 0.078466 0.061460 0.041470 0.020735 0.021593 0.039432 0.050367 0.052946 0.048283 0.038778 0.026690 0.013513 0.009943 0.018178 0.023338 0.024807 0.022942 0.018680 0.013000 0.006628 

0.076190 0.205482 0.514832 1.425474 0.519689 0.216554 0.096991 0.038636 0.099280 0.230905 0.428371 0.667375 0.436728 0.249534 0.132774 0.057553 0.090024 0.190488 0.300372 0.378927 0.310315 0.212081 0.127020 0.058800 0.070326 0.140653 0.203702 0.237646 0.213523 0.161456 0.104422 0.050629 0.050629 0.098093 0.136138 0.154432 0.144676 0.115796 0.078586 0.039293 0.034096 0.064953 0.088326 0.099267 0.094954 0.078466 0.054831 0.027957 0.020803 0.039296 0.052946 0.059355 0.057407 0.048283 0.034317 0.017703 0.009821 0.018481 0.024807 0.027800 0.027037 0.022942 0.016449 0.008538 

0.038636 0.096991 0.216554 0.519689 1.425474 0.514832 0.205482 0.076190 0.057553 0.132774 0.249534 0.436728 0.667375 0.428371 0.230905 0.099280 0.058800 0.127020 0.212081 0.310315 0.378927 0.300372 0.190488 0.090024 0.050629 0.104422 0.161456 0.213523 0.237646 0.203702 0.140653 0.070326 0.039293 0.078586 0.115796 0.144676 0.154432 0.136138 0.098093 0.050629 0.027957 0.054831 0.078466 0.094954 0.099267 0.088326 0.064953 0.034096 0.017703 0.034317 0.048283 0.057407 0.059355 0.052946 0.039296 0.020803 0.008538 0.016449 0.022942 0.027037 0.027800 0.024807 0.018481 0.009821 

0.020801 0.049708 0.101848 0.216554 0.514832 1.414402 0.494031 0.166846 0.033495 0.076182 0.141132 0.249534 0.428371 0.648746 0.394877 0.173353 0.036996 0.080393 0.136962 0.212081 0.300372 0.357334 0.263376 0.131688 0.034096 0.071432 0.114243 0.161456 0.203702 0.216843 0.169606 0.090024 0.027957 0.056996 0.087124 0.115796 0.136138 0.136729 0.108182 0.058800 0.020735 0.041470 0.061460 0.078466 0.088326 0.085753 0.067591 0.036996 0.013513 0.026690 0.038778 0.048283 0.052946 0.050367 0.039432 0.021593 0.006628 0.013000 0.018680 0.022942 0.024807 0.023338 0.018178 0.009943 

0.011072 0.025658 0.049708 0.096991 0.205482 0.494031 1.375766 0.417841 0.018629 0.041852 0.076182 0.132774 0.230905 0.394877 0.591193 0.295597 0.021593 0.046939 0.080393 0.127020 0.190488 0.263376 0.298534 0.173353 0.020803 0.043917 0.071432 0.104422 0.140653 0.169606 0.166214 0.099280 0.017703 0.036495 0.056996 0.078586 0.098093 0.108182 0.097436 0.057553 0.013513 0.027363 0.041470 0.054831 0.064953 0.067591 0.057796 0.033495 0.008988 0.017975 0.026690 0.034317 0.039296 0.039432 0.032664 0.018629 0.004462 0.008859 0.013000 0.016449 0.018481 0.018178 0.014800 0.008357 

0.004857 0.011072 0.020801 0.038636 0.076190 0.166846 0.417841 1.208920 0.008357 0.018629 0.033495 0.057553 0.099280 0.173353 0.295597 0.417841 0.009943 0.021593 0.036996 0.058800 0.090024 0.131688 0.173353 0.166846 0.009821 0.020803 0.034096 0.050629 0.070326 0.090024 0.099280 0.076190 0.008538 0.017703 0.027957 0.039293 0.050629 0.058800 0.057553 0.038636 0.006628 0.013513 0.020735 0.027957 0.034096 0.036996 0.033495 0.020801 0.004462 0.008988 0.013513 0.017703 0.020803 0.021593 0.018629 0.011072 0.002231 0.004462 0.006628 0.008538 0.009821 0.009943 0.008357 0.004857 

0.417841 0.295597 0.173353 0.099280 0.057553 0.033495 0.018629 0.008357 1.375766 0.591193 0.298534 0.166214 0.097436 0.057796 0.032664 0.014800 0.494031 0.394877 0.263376 0.169606 0.108182 0.067591 0.039432 0.018178 0.205482 0.230905 0.190488 0.140653 0.098093 0.064953 0.039296 0.018481 0.096991 0.132774 0.127020 0.104422 0.078586 0.054831 0.034317 0.016449 0.049708 0.076182 0.080393 0.071432 0.056996 0.041470 0.026690 0.013000 0.025658 0.041852 0.046939 0.043917 0.036495 0.027363 0.017975 0.008859 0.011072 0.018629 0.021593 0.020803 0.017703 0.013513 0.008988 0.004462 

0.295597 0.591193 0.394877 0.230905 0.132774 0.076182 0.041852 0.018629 0.591193 1.674300 0.757407 0.395970 0.224011 0.130101 0.072596 0.032664 0.394877 0.757407 0.564483 0.371558 0.237197 0.147614 0.085769 0.039432 0.230905 0.395970 0.371558 0.288581 0.205605 0.137389 0.083433 0.039296 0.132774 0.224011 0.237197 0.205605 0.159254 0.112902 0.071281 0.034317 0.076182 0.130101 0.147614 0.137389 0.112902 0.083686 0.054470 0.026690 0.041852 0.072596 0.085769 0.083433 0.071281 0.054470 0.036222 0.017975 0.018629 0.032664 0.039432 0.039296 0.034317 0.026690 0.017975 0.008988 

0.173353 0.394877 0.648746 0.428371 0.249534 0.141132 0.076182 0.033495 0.298534 0.757407 1.771737 0.815204 0.428635 0.238811 0.130101 0.057796 0.263376 0.564483 0.865589 0.632073 0.410990 0.255375 0.147614 0.067591 0.190488 0.371558 0.494063 0.436510 0.327877 0.224086 0.137389 0.064953 0.127020 0.237197 0.302596 0.292028 0.239922 0.175703 0.112902 0.054831 0.080393 0.147614 0.187096 0.189084 0.164079 0.125902 0.083686 0.041470 0.046939 0.085769 0.109091 0.113132 0.101409 0.080140 0.054470 0.027363 0.021593 0.039432 0.050367 0.052946 0.048283 0.038778 0.026690 0.013513 

0.099280 0.230905 0.428371 0.667375 0.436728 0.249534 0.132774 0.057553 0.166214 0.395970 0.815204 1.804401 0.830004 0.428635 0.224011 0.097436 0.169606 0.371558 0.632073 0.905021 0.650252 0.410990 0.237197 0.108182 0.140653 0.288581 0.436510 0.533359 0.454991 0.327877 0.205605 0.098093 0.104422 0.205605 0.292028 0.336913 0.308477 0.239922 0.159254 0.078586 0.071432 0.137389 0.189084 0.213787 0.202084 0.164079 0.112902 0.056996 0.043917 0.083433 0.113132 0.127066 0.121991 0.101409 0.071281 0.036495 0.020803 0.039296 0.052946 0.059355 0.057407 0.048283 0.034317 0.017703 

0.057553 0.132774 0.249534 0.436728 0.667375 0.428371 0.230905 0.099280 0.097436 0.224011 0.428635 0.830004 1.804401 0.815204 0.395970 0.166214 0.108182 0.237197 0.410990 0.650252 0.905021 0.632073 0.371558 0.169606 0.098093 0.205605 0.327877 0.454991 0.533359 0.436510 0.288581 0.140653 0.078586 0.159254 0.239922 0.308477 0.336913 0.292028 0.205605 0.104422 0.056996 0.112902 0.164079 0.202084 0.213787 0.189084 0.137389 0.071432 0.036495 0.071281 0.101409 0.121991 0.127066 0.113132 0.083433 0.043917 0.017703 0.034317 0.048283 0.057407 0.059355 0.052946 0.039296 0.020803 

0.033495 0.076182 0.141132 0.249534 0.428371 0.648746 0.394877 0.173353 0.057796 0.130101 0.238811 0.428635 0.815204 1.771737 0.757407 0.298534 0.067591 0.147614 0.255375 0.410990 0.632073 0.865589 0.564483 0.263376 0.064953 0.137389 0.224086 0.327877 0.436510 0.494063 0.371558 0.190488 0.054831 0.112902 0.175703 0.239922 0.292028 0.302596 0.237197 0.127020 0.041470 0.083686 0.125902 0.164079 0.189084 0.187096 0.147614 0.080393 0.027363 0.054470 0.080140 0.101409 0.113132 0.109091 0.085769 0.046939 0.013513 0.026690 0.038778 0.048283 0.052946 0.050367 0.039432 0.021593 

0.018629 0.041852 0.076182 0.132774 0.230905 0.394877 0.591193 0.295597 0.032664 0.072596 0.130101 0.224011 0.395970 0.757407 1.674300 0.591193 0.039432 0.085769 0.147614 0.237197 0.371558 0.564483 0.757407 0.394877 0.039296 0.083433 0.137389 0.205605 0.288581 0.371558 0.395970 0.230905 0.034317 0.071281 0.112902 0.159254 0.205605 0.237197 0.224011 0.132774 0.026690 0.054470 0.083686 0.112902 0.137389 0.147614 0.130101 0.076182 0.017975 0.036222 0.054470 0.071281 0.083433 0.085769 0.072596 0.041852 0.008988 0.017975 0.026690 0.034317 0.039296 0.039432 0.032664 0.018629 

0.008357 0.018629 0.033495 0.057553 0.099280 0.173353 0.295597 0.417841 0.014800 0.032664 0.057796 0.097436 0.166214 0.298534 0.591193 1.375766 0.018178 0.039432 0.067591 0.108182 0.169606 0.263376 0.394877 0.494031 0.018481 0.039296 0.064953 0.098093 0.140653 0.190488 0.230905 0.205482 0.016449 0.034317 0.054831 0.078586 0.104422 0.127020 0.132774 0.096991 0.013000 0.026690 0.041470 0.056996 0.071432 0.080393 0.076182 0.049708 0.008859 0.017975 0.027363 0.036495 0.043917 0.046939 0.041852 0.025658 0.004462 0.008988 0.013513 0.017703 0.020803 0.021593 0.018629 0.011072 

0.166846 0.173353 0.131688 0.090024 0.058800 0.036996 0.021593 0.009943 0.494031 0.394877 0.263376 0.169606 0.108182 0.067591 0.039432 0.018178 1.414402 0.648746 0.357334 0.216843 0.136729 0.085753 0.050367 0.023338 0.514832 0.428371 0.300372 0.203702 0.136138 0.088326 0.052946 0.024807 0.216554 0.249534 0.212081 0.161456 0.115796 0.078466 0.048283 0.022942 0.101848 0.141132 0.136962 0.114243 0.087124 0.061460 0.038778 0.018680 0.049708 0.076182 0.080393 0.071432 0.056996 0.041470 0.026690 0.013000 0.020801 0.033495 0.036996 0.034096 0.027957 0.020735 0.013513 0.006628 

0.173353 0.298534 0.263376 0.190488 0.127020 0.080393 0.046939 0.021593 0.394877 0.757407 0.564483 0.371558 0.237197 0.147614 0.085769 0.039432 0.648746 1.771737 0.865589 0.494063 0.302596 0.187096 0.109091 0.050367 0.428371 0.815204 0.632073 0.436510 0.292028 0.189084 0.113132 0.052946 0.249534 0.428635 0.410990 0.327877 0.239922 0.164079 0.101409 0.048283 0.141132 0.238811 0.255375 0.224086 0.175703 0.125902 0.080140 0.038778 0.076182 0.130101 0.147614 0.137389 0.112902 0.083686 0.054470 0.026690 0.033495 0.057796 0.067591 0.064953 0.054831 0.041470 0.027363 0.013513 

0.131688 0.263376 0.357334 0.300372 0.212081 0.136962 0.080393 0.036996 0.263376 0.564483 0.865589 0.632073 0.410990 0.255375 0.147614 0.067591 0.357334 0.865589 1.908466 0.951342 0.544431 0.325934 0.187096 0.085753 0.300372 0.632073 0.951342 0.720399 0.489456 0.316835 0.189084 0.088326 0.212081 0.410990 0.544431 0.489456 0.376160 0.262864 0.164079 0.078466 0.136962 0.255375 0.325934 0.316835 0.262864 0.194383 0.125902 0.061460 0.080393 0.147614 0.187096 0.189084 0.164079 0.125902 0.083686 0.041470 0.036996 0.067591 0.085753 0.088326 0.078466 0.061460 0.041470 0.020735 

0.090024 0.190488 0.300372 0.378927 0.310315 0.212081 0.127020 0.058800 0.169606 0.371558 0.632073 0.905021 0.650252 0.410990 0.237197 0.108182 0.216843 0.494063 0.951342 1.958833 0.974680 0.544431 0.302596 0.136729 0.203702 0.436510 0.720399 1.004288 0.745206 0.489456 0.292028 0.136138 0.161456 0.327877 0.489456 0.592714 0.512399 0.376160 0.239922 0.115796 0.114243 0.224086 0.316835 0.364712 0.335515 0.262864 0.175703 0.087124 0.071432 0.137389 0.189084 0.213787 0.202084 0.164079 0.112902 0.056996 0.034096 0.064953 0.088326 0.099267 0.094954 0.078466 0.054831 0.027957 

0.058800 0.127020 0.212081 0.310315 0.378927 0.300372 0.190488 0.090024 0.108182 0.237197 0.410990 0.650252 0.905021 0.632073 0.371558 0.169606 0.136729 0.302596 0.544431 0.974680 1.958833 0.951342 0.494063 0.216843 0.136138 0.292028 0.489456 0.745206 1.004288 0.720399 0.436510 0.203702 0.115796 0.239922 0.376160 0.512399 0.592714 0.489456 0.327877 0.161456 0.087124 0.175703 0.262864 0.335515 0.364712 0.316835 0.224086 0.114243 0.056996 0.112902 0.164079 0.202084 0.213787 0.189084 0.137389 0.071432 0.027957 0.054831 0.078466 0.094954 0.099267 0.088326 0.064953 0.034096 

0.036996 0.080393 0.136962 0.212081 0.300372 0.357334 0.263376 0.131688 0.067591 0.147614 0.255375 0.410990 0.632073 0.865589 0.564483 0.263376 0.085753 0.187096 0.325934 0.544431 0.951342 1.908466 0.865589 0.357334 0.088326 0.189084 0.316835 0.489456 0.720399 0.951342 0.632073 0.300372 0.078466 0.164079 0.262864 0.376160 0.489456 0.544431 0.410990 0.212081 0.061460 0.125902 0.194383 0.262864 0.316835 0.325934 0.255375 0.136962 0.041470 0.083686 0.125902 0.164079 0.189084 0.187096 0.147614 0.080393 0.020735 0.041470 0.061460 0.078466 0.088326 0.085753 0.067591 0.036996 

0.021593 0.046939 0.080393 0.127020 0.190488 0.263376 0.298534 0.173353 0.039432 0.085769 0.147614 0.237197 0.371558 0.564483 0.757407 0.394877 0.050367 0.109091 0.187096 0.302596 0.494063 0.865589 1.771737 0.648746 0.052946 0.113132 0.189084 0.292028 0.436510 0.632073 0.815204 0.428371 0.048283 0.101409 0.164079 0.239922 0.327877 0.410990 0.428635 0.249534 0.038778 0.080140 0.125902 0.175703 0.224086 0.255375 0.238811 0.141132 0.026690 0.054470 0.083686 0.112902 0.137389 0.147614 0.130101 0.076182 0.013513 0.027363 0.041470 0.054831 0.064953 0.067591 0.057796 0.033495 

0.009943 0.021593 0.036996 0.058800 0.090024 0.131688 0.173353 0.166846 0.018178 0.039432 0.067591 0.108182 0.169606 0.263376 0.394877 0.494031 0.023338 0.050367 0.085753 0.136729 0.216843 0.357334 0.648746 1.414402 0.024807 0.052946 0.088326 0.136138 0.203702 0.300372 0.428371 0.514832 0.022942 0.048283 0.078466 0.115796 0.161456 0.212081 0.249534 0.216554 0.018680 0.038778 0.061460 0.087124 0.114243 0.136962 0.141132 0.101848 0.013000 0.026690 0.041470 0.056996 0.071432 0.080393 0.076182 0.049708 0.006628 0.013513 0.020735 0.027957 0.034096 0.036996 0.033495 0.020801 

0.076190 0.099280 0.090024 0.070326 0.050629 0.034096 0.020803 0.009821 0.205482 0.230905 0.190488 0.140653 0.098093 0.064953 0.039296 0.018481 0.514832 0.428371 0.300372 0.203702 0.136138 0.088326 0.052946 0.024807 1.425474 0.667375 0.378927 0.237646 0.154432 0.099267 0.059355 0.027800 0.519689 0.436728 0.310315 0.213523 0.144676 0.094954 0.057407 0.027037 0.216554 0.249534 0.212081 0.161456 0.115796 0.078466 0.048283 0.022942 0.096991 0.132774 0.127020 0.104422 0.078586 0.054831 0.034317 0.016449 0.038636 0.057553 0.058800 0.050629 0.039293 0.027957 0.017703 0.008538 

0.099280 0.166214 0.169606 0.140653 0.104422 0.071432 0.043917 0.020803 0.230905 0.395970 0.371558 0.288581 0.205605 0.137389 0.083433 0.039296 0.428371 0.815204 0.632073 0.436510 0.292028 0.189084 0.113132 0.052946 0.667375 1.804401 0.905021 0.533359 0.336913 0.213787 0.127066 0.059355 0.436728 0.830004 0.650252 0.454991 0.308477 0.202084 0.121991 0.057407 0.249534 0.428635 0.410990 0.327877 0.239922 0.164079 0.101409 0.048283 0.132774 0.224011 0.237197 0.205605 0.159254 0.112902 0.071281 0.034317 0.057553 0.097436 0.108182 0.098093 0.078586 0.056996 0.036495 0.017703 

0.090024 0.169606 0.216843 0.203702 0.161456 0.114243 0.071432 0.034096 0.190488 0.371558 0.494063 0.436510 0.327877 0.224086 0.137389 0.064953 0.300372 0.632073 0.951342 0.720399 0.489456 0.316835 0.189084 0.088326 0.378927 0.905021 1.958833 1.004288 0.592714 0.364712 0.213787 0.099267 0.310315 0.650252 0.974680 0.745206 0.512399 0.335515 0.202084 0.094954 0.212081 0.410990 0.544431 0.489456 0.376160 0.262864 0.164079 0.078466 0.127020 0.237197 0.302596 0.292028 0.239922 0.175703 0.112902 0.054831 0.058800 0.108182 0.136729 0.136138 0.115796 0.087124 0.056996 0.027957 

0.070326 0.140653 0.203702 0.237646 0.213523 0.161456 0.104422 0.050629 0.140653 0.288581 0.436510 0.533359 0.454991 0.327877 0.205605 0.098093 0.203702 0.436510 0.720399 1.004288 0.745206 0.489456 0.292028 0.136138 0.237646 0.533359 1.004288 2.018188 1.032088 0.592714 0.336913 0.154432 0.213523 0.454991 0.745206 1.032088 0.772243 0.512399 0.308477 0.144676 0.161456 0.327877 0.489456 0.592714 0.512399 0.376160 0.239922 0.115796 0.104422 0.205605 0.292028 0.336913 0.308477 0.239922 0.159254 0.078586 0.050629 0.098093 0.136138 0.154432 0.144676 0.115796 0.078586 0.039293 

0.050629 0.104422 0.161456 0.213523 0.237646 0.203702 0.140653 0.070326 0.098093 0.205605 0.327877 0.454991 0.533359 0.436510 0.288581 0.140653 0.136138 0.292028 0.489456 0.745206 1.004288 0.720399 0.436510 0.203702 0.154432 0.336913 0.592714 1.032088 2.018188 1.004288 0.533359 0.237646 0.144676 0.308477 0.512399 0.772243 1.032088 0.745206 0.454991 0.213523 0.115796 0.239922 0.376160 0.512399 0.592714 0.489456 0.327877 0.161456 0.078586 0.159254 0.239922 0.308477 0.336913 0.292028 0.205605 0.104422 0.039293 0.078586 0.115796 0.144676 0.154432 0.136138 0.098093 0.050629 

0.034096 0.071432 0.114243 0.161456 0.203702 0.216843 0.169606 0.090024 0.064953 0.137389 0.224086 0.327877 0.436510 0.494063 0.371558 0.190488 0.088326 0.189084 0.316835 0.489456 0.720399 0.951342 0.632073 0.300372 0.099267 0.213787 0.364712 0.592714 1.004288 1.958833 0.905021 0.378927 0.094954 0.202084 0.335515 0.512399 0.745206 0.974680 0.650252 0.310315 0.078466 0.164079 0.262864 0.376160 0.489456 0.544431 0.410990 0.212081 0.054831 0.112902 0.175703 0.239922 0.292028 0.302596 0.237197 0.127020 0.027957 0.056996 0.087124 0.115796 0.136138 0.136729 0.108182 0.058800 

0.020803 0.043917 0.071432 0.104422 0.140653 0.169606 0.166214 0.099280 0.039296 0.083433 0.137389 0.205605 0.288581 0.371558 0.395970 0.230905 0.052946 0.113132 0.189084 0.292028 0.436510 0.632073 0.815204 0.428371 0.059355 0.127066 0.213787 0.336913 0.533359 0.905021 1.804401 0.667375 0.057407 0.121991 0.202084 0.308477 0.454991 0.650252 0.830004 0.436728 0.048283 0.101409 0.164079 0.239922 0.327877 0.410990 0.428635 0.249534 0.034317 0.071281 0.112902 0.159254 0.205605 0.237197 0.224011 0.132774 0.017703 0.036495 0.056996 0.078586 0.098093 0.108182 0.097436 0.057553 

0.009821 0.020803 0.034096 0.050629 0.070326 0.090024 0.099280 0.076190 0.018481 0.039296 0.064953 0.098093 0.140653 0.190488 0.230905 0.205482 0.024807 0.052946 0.088326 0.136138 0.203702 0.300372 0.428371 0.514832 0.027800 0.059355 0.099267 0.154432 0.237646 0.378927 0.667375 1.425474 0.027037 0.057407 0.094954 0.144676 0.213523 0.310315 0.436728 0.519689 0.022942 0.048283 0.078466 0.115796 0.161456 0.212081 0.249534 0.216554 0.016449 0.034317 0.054831 0.078586 0.104422 0.127020 0.132774 0.096991 0.008538 0.017703 0.027957 0.039293 0.050629 0.058800 0.057553 0.038636 

0.038636 0.057553 0.058800 0.050629 0.039293 0.027957 0.017703 0.008538 0.096991 0.132774 0.127020 0.104422 0.078586 0.054831 0.034317 0.016449 0.216554 0.249534 0.212081 0.161456 0.115796 0.078466 0.048283 0.022942 0.519689 0.436728 0.310315 0.213523 0.144676 0.094954 0.057407 0.027037 1.425474 0.667375 0.378927 0.237646 0.154432 0.099267 0.059355 0.027800 0.514832 0.428371 0.300372 0.203702 0.136138 0.088326 0.052946 0.024807 0.205482 0.230905 0.190488 0.140653 0.098093 0.064953 0.039296 0.018481 0.076190 0.099280 0.090024 0.070326 0.050629 0.034096 0.020803 0.009821 

0.057553 0.097436 0.108182 0.098093 0.078586 0.056996 0.036495 0.017703 0.132774 0.224011 0.237197 0.205605 0.159254 0.112902 0.071281 0.034317 0.249534 0.428635 0.410990 0.327877 0.239922 0.164079 0.101409 0.048283 0.436728 0.830004 0.650252 0.454991 0.308477 0.202084 0.121991 0.057407 0.667375 1.804401 0.905021 0.533359 0.336913 0.213787 0.127066 0.059355 0.428371 0.815204 0.632073 0.436510 0.292028 0.189084 0.113132 0.052946 0.230905 0.395970 0.371558 0.288581 0.205605 0.137389 0.083433 0.039296 0.099280 0.166214 0.169606 0.140653 0.104422 0.071432 0.043917 0.020803 

0.058800 0.108182 0.136729 0.136138 0.115796 0.087124 0.056996 0.027957 0.127020 0.237197 0.302596 0.292028 0.239922 0.175703 0.112902 0.054831 0.212081 0.410990 0.544431 0.489456 0.376160 0.262864 0.164079 0.078466 0.310315 0.650252 0.974680 0.745206 0.512399 0.335515 0.202084 0.094954 0.378927 0.905021 1.958833 1.004288 0.592714 0.364712 0.213787 0.099267 0.300372 0.632073 0.951342 0.720399 0.489456 0.316835 0.189084 0.088326 0.190488 0.371558 0.494063 0.436510 0.327877 0.224086 0.137389 0.064953 0.090024 0.169606 0.216843 0.203702 0.161456 0.114243 0.071432 0.034096 

0.050629 0.098093 0.136138 0.154432 0.144676 0.115796 0.078586 0.039293 0.104422 0.205605 0.292028 0.336913 0.308477 0.239922 0.159254 0.078586 0.161456 0.327877 0.489456 0.592714 0.512399 0.376160 0.239922 0.115796 0.213523 0.454991 0.745206 1.032088 0.772243 0.512399 0.308477 0.144676 0.237646 0.533359 1.004288 2.018188 1.032088 0.592714 0.336913 0.154432 0.203702 0.436510 0.720399 1.004288 0.745206 0.489456 0.292028 0.136138 0.140653 0.288581 0.436510 0.533359 0.454991 0.327877 0.205605 0.098093 0.070326 0.140653 0.203702 0.237646 0.213523 0.161456 0.104422 0.050629 

0.039293 0.078586 0.115796 0.144676 0.154432 0.136138 0.098093 0.050629 0.078586 0.159254 0.239922 0.308477 0.336913 0.292028 0.205605 0.104422 0.115796 0.239922 0.376160 0.512399 0.592714 0.489456 0.327877 0.161456 0.144676 0.308477 0.512399 0.772243 1.032088 0.745206 0.454991 0.213523 0.154432 0.336913 0.592714 1.032088 2.018188 1.004288 0.533359 0.237646 0.136138 0.292028 0.489456 0.745206 1.004288 0.720399 0.436510 0.203702 0.098093 0.205605 0.327877 0.454991 0.533359 0.436510 0.288581 0.140653 0.050629 0.104422 0.161456 0.213523 0.237646 0.203702 0.140653 0.070326 

0.027957 0.056996 0.087124 0.115796 0.136138 0.136729 0.108182 0.058800 0.054831 0.112902 0.175703 0.239922 0.292028 0.302596 0.237197 0.127020 0.078466 0.164079 0.262864 0.376160 0.489456 0.544431 0.410990 0.212081 0.094954 0.202084 0.335515 0.512399 0.745206 0.974680 0.650252 0.310315 0.099267 0.213787 0.364712 0.592714 1.004288 1.958833 0.905021 0.378927 0.088326 0.189084 0.316835 0.489456 0.720399 0.951342 0.632073 0.300372 0.064953 0.137389 0.224086 0.327877 0.436510 0.494063 0.371558 0.190488 0.034096 0.071432 0.114243 0.161456 0.203702 0.216843 0.169606 0.090024 

0.017703 0.036495 0.056996 0.078586 0.098093 0.108182 0.097436 0.057553 0.034317 0.071281 0.112902 0.159254 0.205605 0.237197 0.224011 0.132774 0.048283 0.101409 0.164079 0.239922 0.327877 0.410990 0.428635 0.249534 0.057407 0.121991 0.202084 0.308477 0.454991 0.650252 0.830004 0.436728 0.059355 0.127066 0.213787 0.336913 0.533359 0.905021 1.804401 0.667375 0.052946 0.113132 0.189084 0.292028 0.436510 0.632073 0.815204 0.428371 0.039296 0.083433 0.137389 0.205605 0.288581 0.371558 0.395970 0.230905 0.020803 0.043917 0.071432 0.104422 0.140653 0.169606 0.166214 0.099280 

0.008538 0.017703 0.027957 0.039293 0.050629 0.058800 0.057553 0.038636 0.016449 0.034317 0.054831 0.078586 0.104422 0.127020 0.132774 0.096991 0.022942 0.048283 0.078466 0.115796 0.161456 0.212081 0.249534 0.216554 0.027037 0.057407 0.094954 0.144676 0.213523 0.310315 0.436728 0.519689 0.027800 0.059355 0.099267 0.154432 0.237646 0.378927 0.667375 1.425474 0.024807 0.052946 0.088326 0.136138 0.203702 0.300372 0.428371 0.514832 0.018481 0.039296 0.064953 0.098093 0.140653 0.190488 0.230905 0.205482 0.009821 0.020803 0.034096 0.050629 0.070326 0.090024 0.099280 0.076190 

0.020801 0.033495 0.036996 0.034096 0.027957 0.020735 0.013513 0.006628 0.049708 0.076182 0.080393 0.071432 0.056996 0.041470 0.026690 0.013000 0.101848 0.141132 0.136962 0.114243 0.087124 0.061460 0.038778 0.018680 0.216554 0.249534 0.212081 0.161456 0.115796 0.078466 0.048283 0.022942 0.514832 0.428371 0.300372 0.203702 0.136138 0.088326 0.052946 0.024807 1.414402 0.648746 0.357334 0.216843 0.136729 0.085753 0.050367 0.023338 0.494031 0.394877 0.263376 0.169606 0.108182 0.067591 0.039432 0.018178 0.166846 0.173353 0.131688 0.090024 0.058800 0.036996 0.021593 0.009943 

0.033495 0.057796 0.067591 0.064953 0.054831 0.041470 0.027363 0.013513 0.076182 0.130101 0.147614 0.137389 0.112902 0.083686 0.054470 0.026690 0.141132 0.238811 0.255375 0.224086 0.175703 0.125902 0.080140 0.038778 0.249534 0.428635 0.410990 0.327877 0.239922 0.164079 0.101409 0.048283 0.428371 0.815204 0.632073 0.436510 0.292028 0.189084 0.113132 0.052946 0.648746 1.771737 0.865589 0.494063 0.302596 0.187096 0.109091 0.050367 0.394877 0.757407 0.564483 0.371558 0.237197 0.147614 0.085769 0.039432 0.173353 0.298534 0.263376 0.190488 0.127020 0.080393 0.046939 0.021593 

0.036996 0.067591 0.085753 0.088326 0.078466 0.061460 0.041470 0.020735 0.080393 0.147614 0.187096 0.189084 0.164079 0.125902 0.083686 0.041470 0.136962 0.255375 0.325934 0.316835 0.262864 0.194383 0.125902 0.061460 0.212081 0.410990 0.544431 0.489456 0.376160 0.262864 0.164079 0.078466 0.300372 0.632073 0.951342 0.720399 0.489456 0.316835 0.189084 0.088326 0.357334 0.865589 1.908466 0.951342 0.544431 0.325934 0.187096 0.085753 0.263376 0.564483 0.865589 0.632073 0.410990 0.255375 0.147614 0.067591 0.131688 0.263376 0.357334 0.300372 0.212081 0.136962 0.080393 0.036996 

0.034096 0.064953 0.088326 0.099267 0.094954 0.078466 0.054831 0.027957 0.071432 0.137389 0.189084 0.213787 0.202084 0.164079 0.112902 0.056996 0.114243 0.224086 0.316835 0.364712 0.335515 0.262864 0.175703 0.087124 0.161456 0.327877 0.489456 0.592714 0.512399 0.376160 0.239922 0.115796 0.203702 0.436510 0.720399 1.004288 0.745206 0.489456 0.292028 0.136138 0.216843 0.494063 0.951342 1.958833 0.974680 0.544431 0.302596 0.136729 0.169606 0.371558 0.632073 0.905021 0.650252 0.410990 0.237197 0.108182 0.090024 0.190488 0.300372 0.378927 0.310315 0.212081 0.127020 0.058800 

0.027957 0.054831 0.078466 0.094954 0.099267 0.088326 0.064953 0.034096 0.056996 0.112902 0.164079 0.202084 0.213787 0.189084 0.137389 0.071432 0.087124 0.175703 0.262864 0.335515 0.364712 0.316835 0.224086 0.114243 0.115796 0.239922 0.376160 0.512399 0.592714 0.489456 0.327877 0.161456 0.136138 0.292028 0.489456 0.745206 1.004288 0.720399 0.436510 0.203702 0.136729 0.302596 0.544431 0.974680 1.958833 0.951342 0.494063 0.216843 0.108182 0.237197 0.410990 0.650252 0.905021 0.632073 0.371558 0.169606 0.058800 0.127020 0.212081 0.310315 0.378927 0.300372 0.190488 0.090024 

0.020735 0.041470 0.061460 0.078466 0.088326 0.085753 0.067591 0.036996 0.041470 0.083686 0.125902 0.164079 0.189084 0.187096 0.147614 0.080393 0.061460 0.125902 0.194383 0.262864 0.316835 0.325934 0.255375 0.136962 0.078466 0.164079 0.262864 0.376160 0.489456 0.544431 0.410990 0.212081 0.088326 0.189084 0.316835 0.489456 0.720399 0.951342 0.632073 0.300372 0.085753 0.187096 0.325934 0.544431 0.951342 1.908466 0.865589 0.357334 0.067591 0.147614 0.255375 0.410990 0.632073 0.865589 0.564483 0.263376 0.036996 0.080393 0.136962 0.212081 0.300372 0.357334 0.263376 0.131688 

0.013513 0.027363 0.041470 0.054831 0.064953 0.067591 0.057796 0.033495 0.026690 0.054470 0.083686 0.112902 0.137389 0.147614 0.130101 0.076182 0.038778 0.080140 0.125902 0.175703 0.224086 0.255375 0.238811 0.141132 0.048283 0.101409 0.164079 0.239922 0.327877 0.410990 0.428635 0.249534 0.052946 0.113132 0.189084 0.292028 0.436510 0.632073 0.815204 0.428371 0.050367 0.109091 0.187096 0.302596 0.494063 0.865589 1.771737 0.648746 0.039432 0.085769 0.147614 0.237197 0.371558 0.564483 0.757407 0.394877 0.021593 0.046939 0.080393 0.127020 0.190488 0.263376 0.298534 0.173353 

0.006628 0.013513 0.020735 0.027957 0.034096 0.036996 0.033495 0.020801 0.013000 0.026690 0.041470 0.056996 0.071432 0.080393 0.076182 0.049708 0.018680 0.038778 0.061460 0.087124 0.114243 0.136962 0.141132 0.101848 0.022942 0.048283 0.078466 0.115796 0.161456 0.212081 0.249534 0.216554 0.024807 0.052946 0.088326 0.136138 0.203702 0.300372 0.428371 0.514832 0.023338 0.050367 0.085753 0.136729 0.216843 0.357334 0.648746 1.414402 0.018178 0.039432 0.067591 0.108182 0.169606 0.263376 0.394877 0.494031 0.009943 0.021593 0.036996 0.058800 0.090024 0.131688 0.173353 0.166846 

0.011072 0.018629 0.021593 0.020803 0.017703 0.013513 0.008988 0.004462 0.025658 0.041852 0.046939 0.043917 0.036495 0.027363 0.017975 0.008859 0.049708 0.076182 0.080393 0.071432 0.056996 0.041470 0.026690 0.013000 0.096991 0.132774 0.127020 0.104422 0.078586 0.054831 0.034317 0.016449 0.205482 0.230905 0.190488 0.140653 0.098093 0.064953 0.039296 0.018481 0.494031 0.394877 0.263376 0.169606 0.108182 0.067591 0.039432 0.018178 1.375766 0.591193 0.298534 0.166214 0.097436 0.057796 0.032664 0.014800 0.417841 0.295597 0.173353 0.099280 0.057553 0.033495 0.018629 0.008357 

0.018629 0.032664 0.039432 0.039296 0.034317 0.026690 0.017975 0.008988 0.041852 0.072596 0.085769 0.083433 0.071281 0.054470 0.036222 0.017975 0.076182 0.130101 0.147614 0.137389 0.112902 0.083686 0.054470 0.026690 0.132774 0.224011 0.237197 0.205605 0.159254 0.112902 0.071281 0.034317 0.230905 0.395970 0.371558 0.288581 0.205605 0.137389 0.083433 0.039296 0.394877 0.757407 0.564483 0.371558 0.237197 0.147614 0.085769 0.039432 0.591193 1.674300 0.757407 0.395970 0.224011 0.130101 0.072596 0.032664 0.295597 0.591193 0.394877 0.230905 0.132774 0.076182 0.041852 0.018629 

0.021593 0.039432 0.050367 0.052946 0.048283 0.038778 0.026690 0.013513 0.046939 0.085769 0.109091 0.113132 0.101409 0.080140 0.054470 0.027363 0.080393 0.147614 0.187096 0.189084 0.164079 0.125902 0.083686 0.041470 0.127020 0.237197 0.302596 0.292028 0.239922 0.175703 0.112902 0.054831 0.190488 0.371558 0.494063 0.436510 0.327877 0.224086 0.137389 0.064953 0.263376 0.564483 0.865589 0.632073 0.410990 0.255375 0.147614 0.067591 0.298534 0.757407 1.771737 0.815204 0.428635 0.238811 0.130101 0.057796 0.173353 0.394877 0.648746 0.428371 0.249534 0.141132 0.076182 0.033495 

0.020803 0.039296 0.052946 0.059355 0.057407 0.048283 0.034317 0.017703 0.043917 0.083433 0.113132 0.127066 0.121991 0.101409 0.071281 0.036495 0.071432 0.137389 0.189084 0.213787 0.202084 0.164079 0.112902 0.056996 0.104422 0.205605 0.292028 0.336913 0.308477 0.239922 0.159254 0.078586 0.140653 0.288581 0.436510 0.533359 0.454991 0.327877 0.205605 0.098093 0.169606 0.371558 0.632073 0.905021 0.650252 0.410990 0.237197 0.108182 0.166214 0.395970 0.815204 1.804401 0.830004 0.428635 0.224011 0.097436 0.099280 0.230905 0.428371 0.667375 0.436728 0.249534 0.132774 0.057553 

0.017703 0.034317 0.048283 0.057407 0.059355 0.052946 0.039296 0.020803 0.036495 0.071281 0.101409 0.121991 0.127066 0.113132 0.083433 0.043917 0.056996 0.112902 0.164079 0.202084 0.213787 0.189084 0.137389 0.071432 0.078586 0.159254 0.239922 0.308477 0.336913 0.292028 0.205605 0.104422 0.098093 0.205605 0.327877 0.454991 0.533359 0.436510 0.288581 0.140653 0.108182 0.237197 0.410990 0.650252 0.905021 0.632073 0.371558 0.169606 0.097436 0.224011 0.428635 0.830004 1.804401 0.815204 0.395970 0.166214 0.057553 0.132774 0.249534 0.436728 0.667375 0.428371 0.230905 0.099280 

0.013513 0.026690 0.038778 0.048283 0.052946 0.050367 0.039432 0.021593 0.027363 0.054470 0.080140 0.101409 0.113132 0.109091 0.085769 0.046939 0.041470 0.083686 0.125902 0.164079 0.189084 0.187096 0.147614 0.080393 0.054831 0.112902 0.175703 0.239922 0.292028 0.302596 0.237197 0.127020 0.064953 0.137389 0.224086 0.327877 0.436510 0.494063 0.371558 0.190488 0.067591 0.147614 0.255375 0.410990 0.632073 0.865589 0.564483 0.263376 0.057796 0.130101 0.238811 0.428635 0.815204 1.771737 0.757407 0.298534 0.033495 0.076182 0.141132 0.249534 0.428371 0.648746 0.394877 0.173353 

0.008988 0.017975 0.026690 0.034317 0.039296 0.039432 0.032664 0.018629 0.017975 0.036222 0.054470 0.071281 0.083433 0.085769 0.072596 0.041852 0.026690 0.054470 0.083686 0.112902 0.137389 0.147614 0.130101 0.076182 0.034317 0.071281 0.112902 0.159254 0.205605 0.237197 0.224011 0.132774 0.039296 0.083433 0.137389 0.205605 0.288581 0.371558 0.395970 0.230905 0.039432 0.085769 0.147614 0.237197 0.371558 0.564483 0.757407 0.394877 0.032664 0.072596 0.130101 0.224011 0.395970 0.757407 1.674300 0.591193 0.018629 0.041852 0.076182 0.132774 0.230905 0.394877 0.591193 0.295597 

0.004462 0.008988 0.013513 0.017703 0.020803 0.021593 0.018629 0.011072 0.008859 0.017975 0.027363 0.036495 0.043917 0.046939 0.041852 0.025658 0.013000 0.026690 0.041470 0.056996 0.071432 0.080393 0.076182 0.049708 0.016449 0.034317 0.054831 0.078586 0.104422 0.127020 0.132774 0.096991 0.018481 0.039296 0.064953 0.098093 0.140653 0.190488 0.230905 0.205482 0.018178 0.039432 0.067591 0.108182 0.169606 0.263376 0.394877 0.494031 0.014800 0.032664 0.057796 0.097436 0.166214 0.298534 0.591193 1.375766 0.008357 0.018629 0.033495 0.057553 0.099280 0.173353 0.295597 0.417841 

0.004857 0.008357 0.009943 0.009821 0.008538 0.006628 0.004462 0.002231 0.011072 0.018629 0.021593 0.020803 0.017703 0.013513 0.008988 0.004462 0.020801 0.033495 0.036996 0.034096 0.027957 0.020735 0.013513 0.006628 0.038636 0.057553 0.058800 0.050629 0.039293 0.027957 0.017703 0.008538 0.076190 0.099280 0.090024 0.070326 0.050629 0.034096 0.020803 0.009821 0.166846 0.173353 0.131688 0.090024 0.058800 0.036996 0.021593 0.009943 0.417841 0.295597 0.173353 0.099280 0.057553 0.033495 0.018629 0.008357 1.208920 0.417841 0.166846 0.076190 0.038636 0.020801 0.011072 0.004857 

0.008357 0.014800 0.018178 0.018481 0.016449 0.013000 0.008859 0.004462 0.018629 0.032664 0.039432 0.039296 0.034317 0.026690 0.017975 0.008988 0.033495 0.057796 0.067591 0.064953 0.054831 0.041470 0.027363 0.013513 0.057553 0.097436 0.108182 0.098093 0.078586 0.056996 0.036495 0.017703 0.099280 0.166214 0.169606 0.140653 0.104422 0.071432 0.043917 0.020803 0.173353 0.298534 0.263376 0.190488 0.127020 0.080393 0.046939 0.021593 0.295597 0.591193 0.394877 0.230905 0.132774 0.076182 0.041852 0.018629 0.417841 1.375766 0.494031 0.205482 0.096991 0.049708 0.025658 0.011072 

0.009943 0.018178 0.023338 0.024807 0.022942 0.018680 0.013000 0.006628 0.021593 0.039432 0.050367 0.052946 0.048283 0.038778 0.026690 0.013513 0.036996 0.067591 0.085753 0.088326 0.078466 0.061460 0.041470 0.020735 0.058800 0.108182 0.136729 0.136138 0.115796 0.087124 0.056996 0.027957 0.090024 0.169606 0.216843 0.203702 0.161456 0.114243 0.071432 0.034096 0.131688 0.263376 0.357334 0.300372 0.212081 0.136962 0.080393 0.036996 0.173353 0.394877 0.648746 0.428371 0.249534 0.141132 0.076182 0.033495 0.166846 0.494031 1.414402 0.514832 0.216554 0.101848 0.049708 0.020801 

0.009821 0.018481 0.024807 0.027800 0.027037 0.022942 0.016449 0.008538 0.020803 0.039296 0.052946 0.059355 0.057407 0.048283 0.034317 0.017703 0.034096 0.064953 0.088326 0.099267 0.094954 0.078466 0.054831 0.027957 0.050629 0.098093 0.136138 0.154432 0.144676 0.115796 0.078586 0.039293 0.070326 0.140653 0.203702 0.237646 0.213523 0.161456 0.104422 0.050629 0.090024 0.190488 0.300372 0.378927 0.310315 0.212081 0.127020 0.058800 0.099280 0.230905 0.428371 0.667375 0.436728 0.249534 0.132774 0.057553 0.076190 0.205482 0.514832 1.425474 0.519689 0.216554 0.096991 0.038636 

0.008538 0.016449 0.022942 0.027037 0.027800 0.024807 0.018481 0.009821 0.017703 0.034317 0.048283 0.057407 0.059355 0.052946 0.039296 0.020803 0.027957 0.054831 0.078466 0.094954 0.099267 0.088326 0.064953 0.034096 0.039293 0.078586 0.115796 0.144676 0.154432 0.136138 0.098093 0.050629 0.050629 0.104422 0.161456 0.213523 0.237646 0.203702 0.140653 0.070326 0.058800 0.127020 0.212081 0.310315 0.378927 0.300372 0.190488 0.090024 0.057553 0.132774 0.249534 0.436728 0.667375 0.428371 0.230905 0.099280 0.038636 0.096991 0.216554 0.519689 1.425474 0.514832 0.205482 0.076190 

0.006628 0.013000 0.018680 0.022942 0.024807 0.023338 0.018178 0.009943 0.013513 0.026690 0.038778 0.048283 0.052946 0.050367 0.039432 0.021593 0.020735 0.041470 0.061460 0.078466 0.088326 0.085753 0.067591 0.036996 0.027957 0.056996 0.087124 0.115796 0.136138 0.136729 0.108182 0.058800 0.034096 0.071432 0.114243 0.161456 0.203702 0.216843 0.169606 0.090024 0.036996 0.080393 0.136962 0.212081 0.300372 0.357334 0.263376 0.131688 0.033495 0.076182 0.141132 0.249534 0.428371 0.648746 0.394877 0.173353 0.020801 0.049708 0.101848 0.216554 0.514832 1.414402 0.494031 0.166846 

0.004462 0.008859 0.013000 0.016449 0.018481 0.018178 0.014800 0.008357 0.008988 0.017975 0.026690 0.034317 0.039296 0.039432 0.032664 0.018629 0.013513 0.027363 0.041470 0.054831 0.064953 0.067591 0.057796 0.033495 0.017703 0.036495 0.056996 0.078586 0.098093 0.108182 0.097436 0.057553 0.020803 0.043917 0.071432 0.104422 0.140653 0.169606 0.166214 0.099280 0.021593 0.046939 0.080393 0.127020 0.190488 0.263376 0.298534 0.173353 0.018629 0.041852 0.076182 0.132774 0.230905 0.394877 0.591193 0.295597 0.011072 0.025658 0.049708 0.096991 0.205482 0.494031 1.375766 0.417841 

0.002231 0.004462 0.006628 0.008538 0.009821 0.009943 0.008357 0.004857 0.004462 0.008988 0.013513 0.017703 0.020803 0.021593 0.018629 0.011072 0.006628 0.013513 0.020735 0.027957 0.034096 0.036996 0.033495 0.020801 0.008538 0.017703 0.027957 0.039293 0.050629 0.058800 0.057553 0.038636 0.009821 0.020803 0.034096 0.050629 0.070326 0.090024 0.099280 0.076190 0.009943 0.021593 0.036996 0.058800 0.090024 0.131688 0.173353 0.166846 0.008357 0.018629 0.033495 0.057553 0.099280 0.173353 0.295597 0.417841 0.004857 0.011072 0.020801 0.038636 0.076190 0.166846 0.417841 1.208920 

